Supplemental Raw Phyla Level table																																												
Species	Unclassified;Other	k__Archaea;p__Crenarchaeota	k__Archaea;p__Euryarchaeota	k__Bacteria;Other	k__Bacteria;p__	k__Bacteria;p__Acidobacteria	k__Bacteria;p__Actinobacteria	k__Bacteria;p__Armatimonadetes	k__Bacteria;p__BRC1	k__Bacteria;p__Bacteroidetes	k__Bacteria;p__Chlamydiae	k__Bacteria;p__Chlorobi	k__Bacteria;p__Chloroflexi	k__Bacteria;p__Cyanobacteria	k__Bacteria;p__Elusimicrobia	k__Bacteria;p__Fibrobacteres	k__Bacteria;p__Firmicutes	k__Bacteria;p__Fusobacteria	k__Bacteria;p__GN02	k__Bacteria;p__Gemmatimonadetes	k__Bacteria;p__Lentisphaerae	k__Bacteria;p__MVP-21	k__Bacteria;p__NKB19	k__Bacteria;p__Nitrospirae	k__Bacteria;p__OD1	k__Bacteria;p__Planctomycetes	k__Bacteria;p__Proteobacteria	k__Bacteria;p__SR1	k__Bacteria;p__Spirochaetes	k__Bacteria;p__Synergistetes	k__Bacteria;p__TM6	k__Bacteria;p__TM7	k__Bacteria;p__Tenericutes	k__Bacteria;p__Thermi	k__Bacteria;p__Verrucomicrobia	k__Bacteria;p__WYO								
Baboon1	10	0	8	107	12	6	116	0	0	136	2	0	1	16	0	5	388	8	1	2	1	0	0	0	0	6	152	4	5	0	0	0	2	2	10	0								
Baboon2	37	0	1	126	6	6	143	0	0	83	1	0	7	12	0	0	401	9	0	1	0	0	0	0	0	3	155	0	2	0	0	0	2	1	3	1								
Baboon3	22	0	2	101	8	2	318	0	0	138	0	0	1	12	1	5	253	4	0	1	1	0	1	0	0	4	107	1	7	0	0	0	3	1	7	0								
Baboon4	5	0	0	11	1	2	66	0	0	167	0	0	1	9	0	1	358	46	2	0	0	0	0	0	0	1	317	4	1	0	1	1	2	2	2	0								
Baboon5	19	1	1	54	5	4	151	0	0	182	1	0	3	35	1	3	348	19	0	2	1	0	0	0	0	8	148	1	2	1	0	0	5	0	5	0								
Baboon6	57	2	3	126	8	3	244	0	1	136	0	0	6	23	0	3	214	10	0	1	0	0	0	0	0	11	143	1	1	0	0	0	1	1	4	1								
Baboon7	27	0	4	48	5	1	256	0	2	153	0	0	12	21	0	3	273	6	0	2	0	0	0	2	0	11	159	0	3	0	0	1	0	0	10	1								
Baboon8	17	0	4	57	5	2	85	0	1	117	0	0	2	3	2	1	537	7	0	1	0	0	0	0	0	5	131	0	12	0	0	0	6	0	5	0								
Baboon9	23	1	0	60	6	4	113	0	0	112	0	0	4	15	0	7	508	7	0	1	1	1	0	1	0	8	117	2	1	0	0	0	3	0	5	0								
Baboon10	8	2	2	22	1	6	202	1	0	104	1	0	6	45	1	2	411	6	0	4	3	0	0	1	0	2	157	0	1	0	1	0	3	2	6	0								
Baboon11	21	0	2	81	9	3	224	0	0	73	0	1	3	55	0	1	375	5	0	0	2	0	0	0	0	4	121	1	4	0	1	0	1	3	10	0								
Chimpanzee1	34	0	0	44	0	0	642	0	0	2	0	0	0	13	0	0	258	0	0	0	0	0	0	0	0	0	5	0	0	0	0	0	0	2	0	0								
Chimpanzee2	0	0	0	21	0	4	485	0	0	27	0	0	4	79	0	0	316	4	0	1	0	0	0	0	0	3	33	0	0	0	0	0	0	20	2	1								
Chimpanzee3	5	0	10	46	10	3	70	0	0	173	0	0	2	78	0	0	428	8	0	0	0	0	0	0	0	0	141	0	20	1	0	1	1	0	3	0								
Chimpanzee4	27	0	14	54	5	1	70	0	0	280	0	0	3	20	0	0	392	9	0	0	0	0	0	0	0	2	98	1	15	0	0	0	4	1	4	0								
Chimpanzee5	1	0	0	16	0	0	606	0	0	5	0	0	0	1	0	0	64	0	0	0	0	0	0	0	0	0	5	0	0	0	0	0	0	302	0	0								
Chimpanzee6	4	0	2	28	0	1	562	0	0	59	0	0	1	3	0	0	254	0	0	0	0	0	0	0	1	0	79	0	0	0	0	1	3	1	1	0								
Chimpanzee7	0	0	1	20	0	0	665	0	0	16	0	0	0	3	0	0	270	0	0	0	0	0	0	0	0	0	12	0	0	0	0	0	0	12	1	0								
Gorilla1	38	0	2	61	0	0	123	0	0	145	0	0	0	42	0	0	419	2	0	0	0	0	0	0	0	0	139	0	20	0	0	0	3	0	6	0								
Gorilla2	0	0	9	36	0	0	18	0	0	223	0	0	0	41	0	0	583	0	0	0	2	0	0	0	0	1	53	0	21	0	0	0	11	0	2	0								
Gorilla3	5	0	0	12	1	0	427	0	0	0	0	0	0	7	0	0	548	0	0	0	0	0	0	0	0	0	0	0	0	0	0	0	0	0	0	0								
Gorilla4	31	0	20	76	0	2	88	1	0	49	0	0	3	34	0	2	525	2	0	0	0	0	0	0	0	0	142	0	6	0	0	3	8	0	8	0								
Gorilla5	30	0	12	66	0	1	107	0	0	147	0	0	0	46	0	0	462	1	0	0	2	0	0	0	0	0	91	0	27	0	0	0	4	0	4	0								
Human1	0	0	0	1	0	0	576	0	0	0	0	0	0	1	0	0	422	0	0	0	0	0	0	0	0	0	0	0	0	0	0	0	0	0	0	0								
Human2	6	0	0	2	0	0	186	0	0	8	0	0	0	19	0	0	588	0	0	0	0	0	0	1	0	0	190	0	0	0	0	0	0	0	0	0								
Human3	0	0	0	1	0	0	20	0	0	2	0	0	1	7	0	0	951	0	0	0	0	0	0	0	0	1	17	0	0	0	0	0	0	0	0	0								
Human4	4	0	0	38	0	0	30	0	0	6	0	0	0	16	0	0	855	1	0	0	0	0	0	0	0	0	50	0	0	0	0	0	0	0	0	0								
Human5	159	0	0	3	0	0	739	0	0	2	0	0	0	0	0	0	85	0	0	0	0	0	0	0	0	0	12	0	0	0	0	0	0	0	0	0								
Human6	0	0	0	3	0	0	433	0	0	4	0	0	0	0	0	0	533	0	0	0	0	0	0	0	0	0	27	0	0	0	0	0	0	0	0	0								
Human7	0	0	0	1	0	0	371	0	0	0	0	0	0	0	0	0	598	0	0	0	0	0	0	0	0	0	30	0	0	0	0	0	0	0	0	0								
Human8	3	0	0	0	0	0	36	0	0	0	0	0	0	0	0	0	953	0	0	0	0	0	0	0	0	0	7	0	0	0	0	0	0	1	0	0								
Human9	0	0	0	0	0	0	370	0	0	3	0	0	0	2	0	0	616	0	0	0	0	0	0	0	0	0	8	0	0	0	0	0	0	0	1	0								
Human10	0	0	0	13	0	0	556	0	0	2	0	0	0	0	0	0	423	0	0	0	0	0	0	0	0	0	6	0	0	0	0	0	0	0	0	0								
Human11	0	0	0	3	0	0	388	0	0	3	0	0	0	17	1	0	573	0	0	0	0	0	0	0	0	0	14	0	0	0	0	1	0	0	0	0								
Human12	0	0	0	0	0	0	85	0	0	0	0	0	0	1	0	0	412	0	0	0	0	0	0	0	0	0	501	0	0	0	0	0	0	1	0	0								
Human13	0	0	0	1	0	0	25	0	0	0	0	0	0	93	0	0	867	0	0	0	0	0	0	0	0	0	14	0	0	0	0	0	0	0	0	0								
Human14	3	0	0	0	0	0	443	0	0	1	0	0	0	0	0	0	516	0	0	0	0	0	0	0	0	0	36	0	0	0	1	0	0	0	0	0								
Human15	1	0	0	3	0	0	456	0	0	1	0	0	0	5	0	0	499	0	0	0	0	0	0	0	0	0	34	0	0	0	0	0	0	1	0	0								
Human16	0	0	0	3	0	1	795	0	0	24	0	0	1	6	0	0	138	4	0	0	0	0	0	0	0	0	28	0	0	0	0	0	0	0	0	0								
Human17	0	0	0	3	0	0	152	1	0	21	0	0	0	6	0	0	723	2	0	0	0	0	0	0	0	0	92	0	0	0	0	0	0	0	0	0								
Human18	0	0	0	6	0	0	272	0	0	0	0	0	0	1	0	0	720	0	0	0	0	0	0	0	0	0	1	0	0	0	0	0	0	0	0	0								
Human19	0	0	0	3	0	0	676	0	0	0	0	0	0	0	0	0	320	0	0	0	0	0	0	0	0	0	1	0	0	0	0	0	0	0	0	0								
Human20	0	0	0	1	0	0	314	0	0	0	0	0	0	1	0	0	683	0	0	0	0	0	0	0	0	0	1	0	0	0	0	0	0	0	0	0								
Human21	0	0	0	9	0	0	718	0	0	0	0	0	0	0	0	0	270	0	0	0	0	0	0	0	0	0	3	0	0	0	0	0	0	0	0	0								
Human22	0	0	0	2	0	0	127	0	0	0	0	0	0	0	0	0	464	0	0	0	0	0	0	0	0	0	407	0	0	0	0	0	0	0	0	0								
Human23	0	0	0	0	0	0	9	0	0	5	0	0	0	1	0	0	960	0	0	0	0	0	0	0	0	0	25	0	0	0	0	0	0	0	0	0								
Human24	0	0	0	0	0	0	118	0	0	0	0	0	0	0	0	0	881	0	0	0	0	0	0	0	0	0	1	0	0	0	0	0	0	0	0	0								
Human25	0	0	0	1	0	0	10	0	0	4	0	0	0	2	0	0	977	0	0	0	0	0	0	0	0	0	6	0	0	0	0	0	0	0	0	0								
Human26	0	0	0	2	0	1	278	0	0	8	0	0	2	8	0	0	664	0	0	0	0	0	0	0	0	0	34	0	0	0	0	0	0	2	1	0								
Human27	0	0	0	2	0	0	40	0	0	2	0	0	0	0	0	0	949	0	0	0	0	0	0	0	0	0	7	0	0	0	0	0	0	0	0	0								
Human28	0	0	0	0	0	0	27	0	0	57	0	0	1	41	0	0	685	0	0	0	0	0	0	0	0	0	189	0	0	0	0	0	0	0	0	0								
Human29	0	0	0	1	0	0	209	0	0	0	0	0	0	0	0	0	789	0	0	0	0	0	0	0	0	0	1	0	0	0	0	0	0	0	0	0								
Human30	0	0	0	2	0	0	33	0	0	0	0	0	0	0	0	0	883	0	0	0	0	0	0	0	0	1	81	0	0	0	0	0	0	0	0	0								
Human31	0	0	0	6	0	0	514	0	0	1	0	0	0	0	0	0	469	0	0	0	0	0	0	0	0	0	10	0	0	0	0	0	0	0	0	0								
Human32	0	0	0	8	0	0	810	1	0	0	0	0	0	0	0	0	165	0	0	0	0	0	0	0	0	0	16	0	0	0	0	0	0	0	0	0								
Human33	0	0	0	9	0	5	79	14	0	216	0	0	1	8	14	0	387	36	0	0	0	0	0	0	0	0	227	0	3	1	0	0	0	0	0	0								
Human34	1	0	0	5	0	4	82	9	0	256	0	0	0	2	4	0	378	74	0	0	0	0	0	0	0	0	181	0	3	1	0	0	0	0	0	0								
Human35	0	0	0	5	0	4	83	12	0	231	0	0	0	5	12	0	441	37	0	0	0	0	0	0	0	1	165	0	2	2	0	0	0	0	0	0								
Human36	0	0	0	2	0	0	386	1	0	4	0	0	0	0	0	0	605	0	0	0	0	0	0	0	0	0	2	0	0	0	0	0	0	0	0	0								
Human37	0	0	0	9	0	6	115	20	0	236	0	0	0	5	19	0	294	20	0	1	0	0	0	0	0	0	273	0	2	0	0	0	0	0	0	0								
Human38	0	0	0	8	0	0	655	1	0	13	0	0	0	0	1	0	297	3	0	0	0	0	0	0	0	1	19	0	2	0	0	0	0	0	0	0								
RhesusMacaque1	0	0	0	51	0	2	59	1	0	284	0	0	1	7	1	0	513	0	0	0	0	0	0	0	0	2	69	0	2	2	0	0	2	3	1	0								
RhesusMacaque2	13	0	1	36	0	8	113	1	0	251	0	0	9	54	0	0	389	10	0	3	0	0	0	1	0	1	101	0	3	0	0	0	0	3	3	0								
																																												
																																												
																																												
																																												
																																												
																																												
																																												
																																												
																																												
																																												
																																												
																																												
																																												
																																												
